i	species	reactions	cyto_r	exch_r	blocked_r	metabolites	mu	n_excr
1  	S1_minglc_871_04-11-2021.xml                                                                        	2163	 871	1270	 313	5616	4.967	  10	
2  	S2_minglc_871_04-11-2021.xml                                                                        	2163	 871	1286	 313	5616	12.496	  15	
3  	S3_minglc_871_04-11-2021.xml                                                                        	2163	 871	1244	 313	5616	9.383	   8	
4  	S4_minglc_871_04-11-2021.xml                                                                        	2163	 871	1281	 313	5616	12.787	   8	
5  	S5_minglc_871_04-11-2021.xml                                                                        	2163	 871	1287	 313	5616	12.443	   6	
6  	S6_minglc_871_04-11-2021.xml                                                                        	2163	 871	1241	 313	5616	2.323	  10	
7  	S7_minglc_871_04-11-2021.xml                                                                        	2163	 871	1203	 313	5616	3.451	   7	
8  	S8_minglc_871_04-11-2021.xml                                                                        	2163	 871	1294	 313	5616	13.425	  11	
9  	S9_minglc_871_04-11-2021.xml                                                                        	2163	 871	1264	 313	5616	23.098	  11	
10 	S10_minglc_871_04-11-2021.xml                                                                       	2163	 871	1240	 313	5616	4.210	  12	
11 	S11_minglc_871_04-11-2021.xml                                                                       	2163	 871	1281	 313	5616	22.311	  11	
12 	S12_minglc_871_04-11-2021.xml                                                                       	2163	 871	1300	 313	5616	13.096	   8	
13 	S13_minglc_871_04-11-2021.xml                                                                       	2163	 871	1304	 313	5616	4.551	  12	
14 	S14_minglc_871_04-11-2021.xml                                                                       	2163	 871	1226	 313	5616	7.004	  14	
15 	S15_minglc_871_04-11-2021.xml                                                                       	2163	 871	1273	 313	5616	2.695	  10	
16 	S16_minglc_871_04-11-2021.xml                                                                       	2163	 871	1253	 313	5616	13.456	   8	
17 	S17_minglc_871_04-11-2021.xml                                                                       	2163	 871	1277	 313	5616	14.607	  11	
18 	S18_minglc_871_04-11-2021.xml                                                                       	2163	 871	1251	 313	5616	4.948	  14	
19 	S19_minglc_871_04-11-2021.xml                                                                       	2163	 871	1289	 313	5616	9.152	  15	
20 	S20_minglc_871_04-11-2021.xml                                                                       	2163	 871	1217	 313	5616	10.995	  12	
21 	S21_minglc_871_04-11-2021.xml                                                                       	2163	 871	1250	 313	5616	5.286	   9	
22 	S22_minglc_871_04-11-2021.xml                                                                       	2163	 871	1239	 313	5616	12.924	  11	
23 	S23_minglc_871_04-11-2021.xml                                                                       	2163	 871	1251	 313	5616	6.482	  10	
24 	S24_minglc_871_04-11-2021.xml                                                                       	2163	 871	1254	 313	5616	5.306	  12	
25 	S25_minglc_871_04-11-2021.xml                                                                       	2163	 871	1268	 313	5616	18.773	  11	
26 	S26_minglc_871_04-11-2021.xml                                                                       	2163	 871	1270	 313	5616	14.006	  13	
27 	S27_minglc_871_04-11-2021.xml                                                                       	2163	 871	1279	 313	5616	6.676	  13	
28 	S28_minglc_871_04-11-2021.xml                                                                       	2163	 871	1271	 313	5616	13.435	  18	
29 	S29_minglc_871_04-11-2021.xml                                                                       	2163	 871	1269	 313	5616	5.529	  11	
30 	S30_minglc_871_04-11-2021.xml                                                                       	2163	 871	1288	 313	5616	17.385	   9	
31 	S31_minglc_871_04-11-2021.xml                                                                       	2163	 871	1240	 313	5616	7.048	  12	
32 	S32_minglc_871_04-11-2021.xml                                                                       	2163	 871	1267	 313	5616	14.861	  11	
33 	S33_minglc_871_04-11-2021.xml                                                                       	2163	 871	1280	 313	5616	10.041	  10	
34 	S34_minglc_871_04-11-2021.xml                                                                       	2163	 871	1276	 313	5616	24.030	  12	
35 	S35_minglc_871_04-11-2021.xml                                                                       	2163	 871	1230	 313	5616	25.695	  14	
36 	S36_minglc_871_04-11-2021.xml                                                                       	2163	 871	1246	 313	5616	24.913	   8	
37 	S37_minglc_871_04-11-2021.xml                                                                       	2163	 871	1212	 313	5616	12.350	  11	
38 	S38_minglc_871_04-11-2021.xml                                                                       	2163	 871	1239	 313	5616	25.113	  12	
39 	S39_minglc_871_04-11-2021.xml                                                                       	2163	 871	1297	 313	5616	6.906	  14	
40 	S40_minglc_871_04-11-2021.xml                                                                       	2163	 871	1276	 313	5616	6.356	   8	
41 	S41_minglc_871_04-11-2021.xml                                                                       	2163	 871	1199	 313	5616	22.963	  12	
42 	S42_minglc_871_04-11-2021.xml                                                                       	2163	 871	1261	 313	5616	7.640	  15	
43 	S43_minglc_871_04-11-2021.xml                                                                       	2163	 871	1299	 313	5616	11.732	  10	
44 	S44_minglc_871_04-11-2021.xml                                                                       	2163	 871	1308	 313	5616	8.409	  12	
45 	S45_minglc_871_04-11-2021.xml                                                                       	2163	 871	1219	 313	5616	10.136	   7	
46 	S46_minglc_871_04-11-2021.xml                                                                       	2163	 871	1219	 313	5616	7.873	  14	
47 	S47_minglc_871_04-11-2021.xml                                                                       	2163	 871	1248	 313	5616	22.552	   9	
48 	S48_minglc_871_04-11-2021.xml                                                                       	2163	 871	1186	 313	5616	14.050	   9	
49 	S49_minglc_871_04-11-2021.xml                                                                       	2163	 871	1229	 313	5616	38.281	  13	
50 	S50_minglc_871_04-11-2021.xml                                                                       	2163	 871	1296	 313	5616	24.841	  12	
51 	S51_minglc_871_04-11-2021.xml                                                                       	2163	 871	1278	 313	5616	5.759	  12	
52 	S52_minglc_871_04-11-2021.xml                                                                       	2163	 871	1264	 313	5616	4.750	  13	
53 	S53_minglc_871_04-11-2021.xml                                                                       	2163	 871	1273	 313	5616	11.774	  14	
54 	S54_minglc_871_04-11-2021.xml                                                                       	2163	 871	1270	 313	5616	42.275	  13	
55 	S55_minglc_871_04-11-2021.xml                                                                       	2163	 871	1287	 313	5616	22.206	  14	
56 	S56_minglc_871_04-11-2021.xml                                                                       	2163	 871	1297	 313	5616	7.519	  10	
57 	S57_minglc_871_04-11-2021.xml                                                                       	2163	 871	1252	 313	5616	11.310	  11	
58 	S58_minglc_871_04-11-2021.xml                                                                       	2163	 871	1286	 313	5616	3.022	  10	
59 	S59_minglc_871_04-11-2021.xml                                                                       	2163	 871	1295	 313	5616	15.045	   9	
60 	S60_minglc_871_04-11-2021.xml                                                                       	2163	 871	1278	 313	5616	26.213	  17	
61 	S61_minglc_871_04-11-2021.xml                                                                       	2163	 871	1249	 313	5616	20.357	  14	
62 	S62_minglc_871_04-11-2021.xml                                                                       	2163	 871	1261	 313	5616	24.406	  11	
63 	S63_minglc_871_04-11-2021.xml                                                                       	2163	 871	1241	 313	5616	28.858	  14	
64 	S64_minglc_871_04-11-2021.xml                                                                       	2163	 871	1264	 313	5616	15.368	  12	
65 	S65_minglc_871_04-11-2021.xml                                                                       	2163	 871	1236	 313	5616	8.063	  11	
66 	S66_minglc_871_04-11-2021.xml                                                                       	2163	 871	1271	 313	5616	2.761	  11	
67 	S67_minglc_871_04-11-2021.xml                                                                       	2163	 871	1328	 313	5616	15.823	  12	
68 	S68_minglc_871_04-11-2021.xml                                                                       	2163	 871	1212	 313	5616	19.806	  15	
69 	S69_minglc_871_04-11-2021.xml                                                                       	2163	 871	1259	 313	5616	10.865	   9	
70 	S70_minglc_871_04-11-2021.xml                                                                       	2163	 871	1231	 313	5616	34.936	  12	
71 	S71_minglc_871_04-11-2021.xml                                                                       	2163	 871	1246	 313	5616	5.345	  10	
72 	S72_minglc_871_04-11-2021.xml                                                                       	2163	 871	1273	 313	5616	17.513	  12	
73 	S73_minglc_871_04-11-2021.xml                                                                       	2163	 871	1196	 313	5616	6.440	  11	
74 	S74_minglc_871_04-11-2021.xml                                                                       	2163	 871	1249	 313	5616	29.519	  11	
75 	S75_minglc_871_04-11-2021.xml                                                                       	2163	 871	1273	 313	5616	1.983	  10	
76 	S76_minglc_871_04-11-2021.xml                                                                       	2163	 871	1296	 313	5616	11.494	  10	
77 	S77_minglc_871_04-11-2021.xml                                                                       	2163	 871	1242	 313	5616	7.701	   7	
78 	S78_minglc_871_04-11-2021.xml                                                                       	2163	 871	1190	 313	5616	10.595	  12	
79 	S79_minglc_871_04-11-2021.xml                                                                       	2163	 871	1275	 313	5616	19.339	  11	
80 	S80_minglc_871_04-11-2021.xml                                                                       	2163	 871	1198	 313	5616	39.166	  10	
81 	S81_minglc_871_04-11-2021.xml                                                                       	2163	 871	1261	 313	5616	10.128	   9	
82 	S82_minglc_871_04-11-2021.xml                                                                       	2163	 871	1216	 313	5616	18.038	  12	
83 	S83_minglc_871_04-11-2021.xml                                                                       	2163	 871	1254	 313	5616	10.450	  11	
84 	S84_minglc_871_04-11-2021.xml                                                                       	2163	 871	1197	 313	5616	2.747	  12	
85 	S85_minglc_871_04-11-2021.xml                                                                       	2163	 871	1197	 313	5616	8.699	   8	
86 	S86_minglc_871_04-11-2021.xml                                                                       	2163	 871	1257	 313	5616	11.311	   8	
87 	S87_minglc_871_04-11-2021.xml                                                                       	2163	 871	1247	 313	5616	7.253	  11	
88 	S88_minglc_871_04-11-2021.xml                                                                       	2163	 871	1234	 313	5616	9.285	   8	
89 	S89_minglc_871_04-11-2021.xml                                                                       	2163	 871	1248	 313	5616	28.224	  11	
90 	S90_minglc_871_04-11-2021.xml                                                                       	2163	 871	1264	 313	5616	16.350	  10	
91 	S91_minglc_871_04-11-2021.xml                                                                       	2163	 871	1222	 313	5616	40.707	  15	
92 	S92_minglc_871_04-11-2021.xml                                                                       	2163	 871	1278	 313	5616	15.790	  10	
93 	S93_minglc_871_04-11-2021.xml                                                                       	2163	 871	1268	 313	5616	33.873	  12	
94 	S94_minglc_871_04-11-2021.xml                                                                       	2163	 871	1265	 313	5616	7.734	  14	
95 	S95_minglc_871_04-11-2021.xml                                                                       	2163	 871	1192	 313	5616	11.068	  14	
96 	S96_minglc_871_04-11-2021.xml                                                                       	2163	 871	1241	 313	5616	16.146	   6	
97 	S97_minglc_871_04-11-2021.xml                                                                       	2163	 871	1291	 313	5616	26.684	  11	
98 	S98_minglc_871_04-11-2021.xml                                                                       	2163	 871	1203	 313	5616	38.115	  11	
99 	S99_minglc_871_04-11-2021.xml                                                                       	2163	 871	1254	 313	5616	11.647	  11	
100	S100_minglc_871_04-11-2021.xml                                                                      	2163	 871	1210	 313	5616	8.018	  11	